22730357
22730356
22730355
22730354
22730353
22730352
22730351
22730350
22730349
22730348
22730347
22730346
22730345
22730344
22730343
22730342
22730341
22730340
22730321
22730320
22730319
22730318
22730317
22730316
22730315
22730314
22730313
22730312
22730311
22730310
22730309
22730308
22730307
22730306
22730305
22730304
22730285
22730284
22730283
22730282
22730281
22730280
22730279
22730278
22730277
22730276
22730275
22730274
22730273
22730272
22730271
22730270
22730269
22730268
22730249
22730248
22730247
22730246
22730245
22730244
22730243
22730242
22730241
22730240
22730239
22730238
22730237
22730236
22730235
22730234
22730233
22730232
22728598
22728597
22728596
22728595
22728594
22728593
22728592
22728591
22728590
22728589
22728588
22728587
22728586
22728585
22728584
22728583
22728582
22728581
22728562
22728561
22728560
22728559
22728558
22728557
22728556
22728555
22728554
22728553
22728552
22728551
22728550
22728549
22728548
22728547
22728546
22728545
22728526
22728525
22728524
22728523
22728522
22728521
22728520
22728519
22728518
22728517
22728516
22728515
22728514
22728513
22728512
22728511
22728510
22728509
22728490
22728489
22728488
22728487
22728486
22728485
22728484
22728483
22728482
22728481
22728480
22728479
22728478
22728477
22728476
22728475
22728474
22728473
22728454
22728453
22728452
22728451
22728450
22728449
22728448
22728447
22728446
22728445
22728444
22728443
22728442
22728441
22728440
22728439
22728438
22728437
22728418
22728417
22728416
22728415
22728414
22728413
22728412
22728411
22728410
22728409
22728408
22728407
22728406
22728405
22728404
22728403
22728402
22728401
22726588
22726586
22726582
22726580
22726550
22726548
22726546
22726544
22726542
22726540
22726538
22726536
22726534
22726532
22726530
22726528
22726524
22726522
22726520
22726518